document_size,1280,800,plan_10_01.psd
LayerSet,Foreground,0
Layer_362_copy_3,620,485,1489,1267,1
LayerSet,Middle,0
Layer_19,471,237,599,370,3
Layer_141_copy_6,808,245,883,354,3
Layer_141_copy_5,704,249,796,358,3
Layer_28,1109,295,1203,380,3
Group_1_copy_4,873,215,1144,375,3
Layer_141_copy_4,998,578,1100,726,3
Layer_141_copy_3,942,585,1053,720,3
Layer_35_copy_2,1055,479,1333,704,3
Layer_15_copy,599,298,1402,733,3
Layer_18_copy_2,439,652,547,772,3
Group_1_copy_3,162,571,526,784,3
Layer_17,162,398,1194,689,3
Layer_196_copy_5,153,387,1207,693,3
Layer_18_copy,103,631,221,752,3
Layer_18,608,254,725,378,3
Layer_15,620,-255,1324,360,3
Layer_2,-64,286,1362,961,3
Group_1_copy_2,157,616,752,954,3
Layer_1,115,631,242,935,3
Group_46,-50,270,1023,1216,3
Group_46_copy,200,418,1341,1027,3
Layer_361_copy_3,506,-40,1510,440,3
Layer_3,22,485,125,758,3
LayerSet,Background,0
Layer_3_copy_10,-395,-8,233,506,27
Layer_3_copy_9,71,-270,750,286,27
Layer_362_copy,-102,446,544,979,27
Layer_83's_Color_Fill_copy,123,-314,859,494,27
Layer_363_copy_2,6,66,142,200,27
Layer_16,0,0,1280,1006,27
