document_size,1280,800,plan_9_01.psd
LayerSet,Foreground,0
Layer_362_copy_3,593,492,1354,1202,1
LayerSet,Middle,0
Layer_503_copy,166,-10,251,156,3
Layer_503_copy_2,167,-17,267,139,3
Layer_19,669,404,728,467,3
Layer_141_copy_4,1064,561,1132,664,3
Layer_141_copy_6,923,382,974,458,3
Layer_141_copy_5,853,386,915,462,3
Layer_28,1125,418,1189,477,3
Layer_141_copy_3,1025,566,1100,659,3
Group_1_copy_4,966,362,1150,474,3
Layer_35_copy_2,1078,485,1266,642,3
Layer_15_copy,782,420,1343,724,3
Layer_18_copy_2,709,586,782,669,3
Group_1_copy_3,484,498,782,686,3
Layer_17,487,471,1182,634,3
Layer_196_copy_5,481,465,1193,642,3
Layer_18_copy,457,568,535,652,3
Layer_18_copy_3,1109,390,1198,485,3
Layer_18,797,386,876,470,3
Layer_15,796,-27,1338,464,3
Layer_2,335,409,1296,786,3
Group_1_copy_2,485,642,884,878,3
Layer_1,457,652,542,865,3
Group_46,345,400,1067,929,3
Group_46_copy,514,504,1282,929,3
Layer_3_copy_2,-1820,190,816,670,3
Layer_361_copy_3,679,259,1396,601,3
Layer_362_copy,-5,478,522,913,3
Layer_5,-602,-1069,1055,455,3
Layer_4,-419,119,821,566,3
Group_1_copy_3_1,150,433,542,665,3
Group_1,-261,445,131,666,3
Layer_70_copy_3,679,289,757,498,3
Layer_70_copy,543,406,620,616,3
Group_46_copy_4,-391,90,741,806,3
Layer_3,343,595,420,806,3
Group_1_copy_6,27,659,358,892,3
LayerSet,Background,0
Layer_3_copy_9,599,-124,1169,342,40
Layer_83's_Color_Fill_copy,768,-27,1264,536,40
Layer_16,-97,-27,1279,1054,40
