document_size,2500,1092,pian_4_2_Mod.psd
LayerSet,Fore4,0
0,45,-74,1390,1926,1
1,737,-294,2164,1654,1
LayerSet,Fore3,0
2,182,28,1024,1222,4
3,1131,-45,2058,1360,4
LayerSet,Fore2,0
4,138,817,1539,1243,7
5,163,-317,2467,1247,7
6,17,106,2563,1221,7
LayerSet,Middle,0
LayerSet,Fore1,11
7,-158,350,534,1046,12
LayerSet,Group 55,11
8,1790,280,1851,476,14
9,1765,237,1831,428,14
10,1788,150,1862,314,14
11,1990,194,2254,265,14
12,1682,455,1758,522,14
13,2126,-27,2352,610,14
14,1726,273,2116,395,14
15,1650,415,1677,479,14
LayerSet,for-midel,11
16,1284,584,1302,624,23
17,1280,531,1436,656,23
18,1797,411,1941,553,23
LayerSet,Group 54,11
19,1461,750,1499,838,27
20,1453,824,1504,845,27
21,1148,642,1186,731,27
22,1140,717,1191,737,27
23,1272,848,1310,936,27
24,1264,923,1315,944,27
25,1158,805,1306,898,27
26,1054,815,1576,944,27
27,1195,869,1274,932,27
28,1193,889,1272,928,27
29,1194,900,1271,946,27
30,991,689,1297,767,27
LayerSet,MainIsland,11
31,1472,473,1816,589,40
32,1986,456,2046,546,40
33,1675,438,1729,522,40
34,1677,415,1686,575,40
35,1360,569,1404,621,40
36,1325,558,1405,627,40
37,1654,244,1737,339,40
38,1283,515,1682,798,40
39,1341,687,1366,742,40
40,1408,494,1468,569,40
41,870,-139,2486,1092,40
LayerSet,Background,0
42,576,812,839,893,52
43,1305,35,1948,561,52
44,-7,492,746,1107,52
45,806,478,995,663,52
46,233,287,674,770,52
47,0,0,100,1092,52
