document_size,2587,1000,plan_2_00.psd
LayerSet,Foreground,0
Layer_426_copy_8,2102,702,2646,1177,1
Layer_12_copy,2179,695,2510,944,1
Layer_426_copy_7,1583,714,2127,1189,1
Layer_34_copy_2,2371,660,2573,914,1
Layer_34_copy,2021,743,2212,995,1
Layer_362_copy_3,1789,604,2848,1272,1
Layer_12_copy_2,1855,736,2187,963,1
LayerSet,Middle,0
Layer_65_copy_3,1386,706,1478,763,9
Layer_65_copy_2,1136,719,1228,776,9
Layer_48_copy_4,156,637,601,950,9
ghg_60_copy,38,666,561,871,9
Layer_48_copy_5,884,506,1158,699,9
Group_13,814,419,1045,656,9
Layer_18,881,0,1591,699,9
Layer_32_copy_2,1492,710,1945,809,9
Layer_268_copy_8,631,577,874,663,9
Layer_194_copy_2,1512,430,1571,491,9
ghg_06_48_copy,327,561,431,644,9
Group_1_copy_2,-404,-50,358,904,9
Layer_194_copy,1484,334,1566,420,9
Layer_17,1480,402,1557,596,9
Group_9,615,0,1192,216,9
Layer_16,881,0,1105,356,9
Layer_310_copy_2,1282,-30,1678,639,9
Layer_29,686,-27,1063,499,9
Layer_35_copy_5,400,-123,1054,535,9
Layer_31,635,16,1330,697,9
Layer_28_copy_11,675,778,1739,977,9
Layer_28_copy_15,-317,745,749,944,9
Layer_28_copy_10,131,687,1192,951,9
Layer_28_copy_8,1045,748,1942,1000,9
Layer_19_copy_2,-179,875,651,1025,9
Layer_19,260,850,1090,1000,9
Layer_28_copy_7,567,622,1475,864,9
Layer_28_copy_6,1165,687,2187,1000,9
Layer_19_copy,914,849,1817,1000,9
Layer_28_copy_2,1002,607,2050,910,9
Layer_28_copy_3,1256,565,2272,990,9
Layer_28,1134,-204,1492,516,9
Layer_362_copy_2,2102,521,2587,983,9
Layer_28_copy_12,1285,611,2301,1000,9
Layer_28_copy_9,85,611,1146,875,9
Layer_28_copy_4,83,521,1144,785,9
LayerSet,Background,0
Layer_48_copy_6,70,470,344,663,46
Layer_11,2333,0,2530,297,46
Layer_10,2333,149,2556,286,46
Layer_28_copy,2452,28,2587,258,46
Layer_31_copy_2,217,-115,1045,470,46
Layer_31_copy,-122,-50,706,535,46
Layer_12,2235,0,2389,266,46
Layer_5,1847,48,2063,297,46
dfgdg_81,207,523,298,618,46
Layer_268_copy_9,1978,607,2140,738,46
Layer_268_copy_10,1837,703,1999,834,46
fhfd_47_copy_3,1535,307,1714,410,46
fhfd_47_copy_2,2134,188,2320,248,46
Layer_31_copy_3,848,-72,1999,968,46
Layer_32,1660,544,1983,768,46
ghg_06_14_copy_2,190,496,282,596,46
Layer_32_copy,1978,356,2301,580,46
Layer_33,1059,17,2587,982,46
Layer_24_copy_2,77,4,260,596,46
Layer_24,622,28,805,620,46
Layer_23_copy,173,10,410,635,46
ghg_06_14_copy,354,520,446,620,46
Layer_88_copy_3,723,469,822,559,46
ghg_06_14,739,509,831,609,46
dfgdg_81_copy,560,516,619,577,46
Layer_23,440,0,675,585,46
Layer_21,760,0,903,565,46
ghg_06_48,603,465,706,547,46
dfgdg_81_copy_2,344,466,404,529,46
Layer_353_copy,32,-446,602,541,46
Layer_24_copy_3,713,-70,832,516,46
Layer_24_copy,587,-12,706,526,46
Layer_21_copy_3,440,-30,547,491,46
Layer_21_copy_2,66,-12,173,509,46
Layer_28_copy_5,70,516,1134,706,46
Layer_28_copy_13,40,448,1105,640,46
Layer_362_copy,1445,67,1799,352,46
Layer_28_copy_1,538,305,639,387,46
Layer_3_copy_5,1904,0,2320,286,46
Layer_24_copy_4,493,-173,613,364,46
Layer_362_copy_2_1,-89,327,758,714,46
Layer_25,0,0,1270,565,46
Layer_30,0,0,2587,1000,46
