document_size,1944,1215,plan_11_00.PSD
LayerSet,Foreground,0
Layer_362_copy_3,1190,792,1944,1215,1
LayerSet,Middle,0
Layer_503_copy,576,171,682,378,3
Layer_503_copy_2,578,163,702,356,3
Layer_19,1198,647,1306,762,3
Layer_141_copy_4,1687,877,1773,1005,3
Layer_141_copy_6,1513,657,1577,751,3
Layer_141_copy_5,1426,661,1504,756,3
Layer_28,1763,700,1843,774,3
Layer_141_copy_3,1639,883,1733,999,3
Group_1_copy_4,1566,631,1794,770,3
Layer_35_copy_2,1705,783,1938,978,3
Layer_15_copy,1339,703,1944,1079,3
Layer_18_copy_2,1249,909,1339,1011,3
Group_1_copy_3,970,799,1340,1032,3
Layer_17,973,766,1834,968,3
Layer_196_copy_5,967,760,1847,977,3
Layer_18_copy,937,887,1034,990,3
Layer_18_copy_3,1744,666,1853,783,3
Layer_18,1358,661,1456,766,3
Layer_15,1356,150,1944,758,3
Layer_2,785,689,1944,1156,3
Group_1_copy_2,971,977,1466,1215,3
Layer_1,936,989,1043,1215,3
Group_46,799,678,1692,1215,3
Group_46_copy,1007,807,1944,1215,3
Layer_3_copy_2,0,418,1382,1013,3
Layer_361_copy_3,1211,562,1944,928,3
Layer_362_copy,364,775,890,1215,3
Layer_5,0,0,1577,747,3
Layer_4,0,331,1388,884,3
Group_1_copy_3_1,556,719,1043,1007,3
Group_1,48,734,534,1008,3
Layer_70_copy_3,1212,541,1309,800,3
Layer_70_copy,1043,685,1139,946,3
Group_46_copy_4,0,295,1289,1180,3
Layer_3,795,920,892,1181,3
Group_1_copy_6,404,998,815,1215,3
LayerSet,Background,0
Layer_3_copy_9,1112,30,1818,607,40
Layer_83's_Color_Fill_copy,1321,150,1936,847,40
Layer_16,0,0,1944,1215,40
