document_size,2509,801,plan_3_01.psd
LayerSet,Foreground,0
Layer_20_copy_5,0,699,126,801,1
Layer_3_copy_72,0,576,57,701,1
Layer_3_copy_70,154,671,327,801,1
Layer_353_copy,0,351,270,801,1
Layer_24_copy_13,23,473,295,799,1
Layer_20_copy_4,380,684,543,801,1
Layer_3_copy_69,1074,709,1188,801,1
Layer_3_copy_68,1254,697,1410,801,1
Layer_3_copy_67,547,646,732,801,1
Group_1_copy_10,1354,661,1660,801,1
Layer_48_copy_15,1648,-49,2387,87,1
Layer_48_copy_14,2102,0,2509,149,1
Layer_37,1768,-34,2539,300,1
Group_1_copy_41,1795,-73,2330,223,1
Group_1_copy_40,1568,-17,1954,119,1
Layer_46_copy_2,0,12,202,400,1
Group_1_copy_39,0,0,234,122,1
Layer_78_copy_3,0,377,337,709,1
Layer_28_copy_16,1945,698,2212,801,1
Layer_3_copy_63,1859,686,1943,776,1
Layer_3_copy_64,1546,700,1615,771,1
Layer_288_copy,1493,300,1514,330,1
Layer_3_copy_62,1679,658,1800,783,1
Layer_36,1679,629,2017,804,1
Layer_24_copy_12,1542,646,1663,777,1
Group_23_copy_12,1495,711,2033,801,1
Layer_28_copy_18,2177,639,2427,822,1
Layer_60_copy_4,1864,585,2012,730,1
Layer_35,2270,101,2509,801,1
Layer_3_copy_66,1957,648,2012,703,1
Layer_3_copy_65,2002,596,2102,695,1
Layer_356_copy,1796,643,2265,790,1
Group_23_copy_8,1898,630,2512,806,1
Group_23_copy_7,1646,640,2415,824,1
Group_1_copy_11,1902,624,2063,717,1
Layer_31_copy_2,2212,0,2509,801,1
Layer_41,1427,213,1526,758,1
Layer_34,0,598,618,801,1
Group_1_copy_32,0,215,100,319,1
Layer_85_copy_7,100,236,146,374,1
Layer_3_copy_60,757,680,923,819,1
Layer_3_copy_59,945,745,1016,801,1
Layer_3_copy_57,705,730,801,801,1
Layer_48_copy_13,0,343,143,801,1
Layer_24_copy_2,854,669,994,801,1
Layer_20_copy_3,281,759,378,801,1
Layer_20_copy_2,733,688,879,801,1
Layer_28_copy_17,873,696,1142,801,1
Layer_19_copy,192,675,386,801,1
Layer_28_copy_12,46,667,265,801,1
Layer_3_copy_135,0,0,149,502,1
Layer_3_copy_171,-5,570,1806,815,1
Layer_33,0,687,94,798,1
Layer_32,-44,565,1775,829,1
LayerSet,Middle,0
Layer_503_copy,2186,287,2205,322,56
Layer_373_copy,2119,207,2136,234,56
Layer_155_copy_3,811,447,849,489,56
Layer_155_copy_2,830,448,861,487,56
Layer_155_copy,876,447,914,489,56
Layer_155_copy_4,845,447,876,486,56
Layer_45,781,414,920,590,56
Layer_5_copy_17,434,242,766,408,56
Layer_5_copy_16,709,319,1505,420,56
Layer_39,2167,199,2177,228,56
Layer_38,2054,215,2087,252,56
Layer_373_copy_3,2127,181,2138,209,56
Layer_339_copy,0,0,2509,420,56
Layer_337_copy_4,1597,444,1938,723,56
Layer_337_copy,490,51,759,271,56
Layer_31,255,114,474,293,56
Layer_30,145,77,402,201,56
Layer_3_copy_212,917,530,935,549,56
Layer_3_copy_213,799,396,822,418,56
Layer_29,188,545,213,613,56
Layer_142_copy,909,544,1012,620,56
Layer_3_copy_224,260,587,279,608,56
Layer_3_copy_222,418,591,437,611,56
Layer_220_copy_7,255,472,485,518,56
Layer_28,209,584,401,629,56
Layer_79_copy_3,426,502,453,609,56
Layer_268_copy_4,334,569,434,610,56
Layer_4's_Color_Fill,125,413,287,609,56
Layer_24_copy_3,256,360,603,625,56
Layer_3_copy_223,476,558,495,578,56
Layer_3_copy_221,735,524,754,545,56
Layer_3_copy_219,592,575,618,602,56
Layer_3_copy_211,933,523,960,550,56
Layer_220_copy_6,415,175,645,222,56
Layer_27,1096,585,1173,613,56
Layer_325_copy,1093,520,1124,603,56
Layer_3_copy_191,1089,589,1112,612,56
Layer_268_copy_8,999,576,1097,611,56
Group_2,930,268,1163,607,56
Layer_3_copy_218,1332,643,1354,663,56
Layer_220_copy_5,1081,465,1311,565,56
Layer_26,1193,376,1441,665,56
Layer_25,597,410,812,468,56
Layer_24,559,514,919,562,56
Layer_23,681,569,1580,740,56
Layer_79_copy_5,279,147,306,254,56
Layer_79_copy_4,352,267,380,373,56
Layer_22,892,434,922,517,56
Layer_268_copy_7,589,545,773,598,56
Layer_79_copy_7,1013,450,1041,557,56
Layer_24_copy_10,943,459,961,493,56
Layer_16_copy_4's_Color_Fill_copy,946,420,1054,553,56
Layer_268_copy_10,970,507,1070,548,56
Layer_268_copy_9,905,511,1006,552,56
Layer_21,827,539,1009,580,56
Layer_28_copy_33,867,535,1079,576,56
Layer_41_copy_2,434,226,451,316,56
Layer_288_copy_2,1312,245,1332,275,56
Layer_41_copy,684,351,725,571,56
Layer_356_copy_7,449,541,871,610,56
Group_1_copy_5,281,480,373,551,56
Layer_328_copy_3,71,364,78,400,56
Layer_20,847,362,854,399,56
Layer_307_copy,158,254,307,537,56
Group_1_copy_37,380,169,488,232,56
Layer_4_copy_6's_Color_Fill,197,314,356,510,56
Group_2_copy_2,120,137,353,495,56
Layer_3_copy_13,0,195,273,421,56
Layer_24_copy's_Color_Fill,286,227,365,359,56
Layer_319's_Color_Fill,286,342,401,421,56
Layer_316_copy,782,449,819,500,56
Layer_24_copy_9,678,391,696,425,56
Layer_24_copy_8,245,384,830,549,56
Layer_19,217,108,310,147,56
Group_1_copy_2,257,128,463,497,56
Layer_18,306,370,334,386,56
Layer_28_copy_4,228,128,338,171,56
Layer_295_copy,816,414,917,526,56
Layer_4_copy_2,263,105,431,314,56
Group_1_copy,146,87,332,420,56
Layer_17,515,338,529,371,56
Layer_4_copy_4's_Color_Fill_copy_2,473,369,542,456,56
Layer_16,510,359,559,388,56
Layer_31_copy_7,500,360,537,380,56
Layer_31_copy_8,529,354,544,375,56
Layer_15,505,368,530,389,56
Layer_373_copy_1,527,358,542,387,56
Layer_14,498,340,528,384,56
Layer_13,507,377,543,389,56
Layer_268_copy_3,399,301,539,433,56
Layer_4_copy_4's_Color_Fill,401,157,570,366,56
Layer_79_copy_2,724,342,751,448,56
Layer_12,184,153,1005,619,56
Layer_6_copy_4,213,273,1078,598,56
Group_9_copy,563,199,777,392,56
Group_2_copy_3,580,67,813,424,56
Layer_4_copy_4,676,225,839,429,56
Group_1_copy_7,885,234,1071,567,56
Group_1_copy_4,490,136,676,469,56
Layer_11,618,42,703,237,56
Group_1_copy_3,549,0,740,278,56
Layer_28_copy_12_1,594,256,703,300,56
Layer_10,132,354,202,433,56
Layer_295_copy_2,181,286,944,629,56
Layer_4_copy_3,411,106,579,315,56
Layer_4_copy_4's_Color_Fill_copy,50,177,213,370,56
Layer_9,261,11,465,177,56
Layer_28_copy_52,544,382,888,544,56
Layer_310_copy_5,822,281,960,507,56
Layer_310_copy_2,782,183,925,425,56
Group_1_copy_35,71,351,179,415,56
Group_1_copy_34,92,219,199,283,56
Layer_85_copy_10,49,340,71,409,56
Layer_3_copy_12,153,22,463,276,56
Layer_3_copy_11,719,152,1013,394,56
Layer_3_copy_189,1496,630,1521,653,56
Layer_8,1160,244,1493,382,56
Layer_79_copy_8,1224,490,1249,598,56
Layer_7,1168,460,1481,680,56
Layer_4_copy_5's_Color_Fill,991,180,1540,639,56
Group_2_copy_4,1368,180,1618,535,56
Layer_310_copy_4,1186,242,1297,415,56
Group_9,1252,79,1483,289,56
Layer_3_copy_215,1273,393,1299,419,56
Layer_3_copy_214,1316,346,1342,374,56
Layer_194_copy_3,1242,243,1270,272,56
Layer_194_copy,1254,286,1292,323,56
Layer_6,1254,262,1327,443,56
Group_1_copy_38,1140,326,1272,394,56
Group_1_copy_31,1120,289,1306,353,56
Layer_337_copy_3,1209,379,1572,655,56
Layer_337_copy_2,1079,286,1442,562,56
Layer_5,263,200,691,359,56
Layer_28_copy_29,0,417,1801,801,56
Layer_24_copy_7,32,246,236,469,56
Layer_362_copy_4,1298,44,1439,157,56
Group_48_copy_2,1428,215,1585,370,56
Group_48_copy,907,93,1143,324,56
midel,1761,63,2363,801,56
Layer_3_copy_9,2231,472,2509,700,56
LayerSet,Background,0
Layer_3_copy_7,1136,0,1286,94,198
Layer_3_copy_6,1498,0,1705,96,198
Layer_362_copy_3,1057,110,1278,271,198
Layer_362_copy_2,1835,336,2030,495,198
Layer_362_copy,1619,219,1782,326,198
Layer_4,822,19,930,128,198
Layer_3,1747,499,1911,577,198
Layer_363_copy_4,473,48,535,110,198
Layer_363_copy_3,1506,449,1570,512,198
Layer_2,1098,79,1160,147,198
Layer_83's_Color_Fill_copy,1999,323,2128,470,198
Layer_83's_Color_Fill,1538,47,1682,208,198
Layer_361_copy_3,370,0,639,122,198
Layer_3_copy_10,1775,90,1988,258,198
Layer_3_copy_8,1327,0,1540,137,198
