document_size,1513,800,plan_5_01.PSD
LayerSet,mid,0
Group_5,-92,123,346,880,1
Layer_203,847,626,1007,829,1
Layer_121_copy_2,454,609,945,847,1
Group_17_copy_2,489,463,725,664,1
Group_17_copy,1007,607,1099,748,1
Group_16_copy,1062,596,1227,803,1
Group_17,967,463,1182,675,1
Group_15_copy,641,664,810,855,1
Group_15,781,447,950,638,1
LayerSet,back,0
LayerSet,Group 4,11
Layer_200,466,-96,1318,140,12
Layer_159,391,87,517,129,12
Layer_159_copy,332,90,404,114,12
Layer_197,415,0,1480,682,11
Layer_206,0,0,1513,800,11
Group_5_1,1145,233,1540,520,11
Layer_48,879,135,999,290,11
Layer_167,823,171,1162,535,11
Photo_Filter_1,-147,-222,1642,939,11
