document_size,1928,800,plan_8.psd
LayerSet,Foreground,0
LayerSet,Wires,1
Layer_134,198,-68,384,163,2
Layer_135,47,-67,1070,99,2
Layer_136,791,-80,1279,100,2
Layer_137,925,-29,1527,80,2
Layer_138,1307,-100,1772,94,2
Layer_139,389,-123,681,111,2
Layer_145,1608,0,2180,800,1
Layer_149,0,0,234,800,1
Layer_132,1452,557,1863,822,1
Layer_133,234,681,420,834,1
Layer_78_copy_6,1104,652,1448,811,1
LayerSet,Middle,0
Box,1563,409,1657,497,14
LayerSet,Group 20,14
LayerSet,Group 19,16
Layer_212,216,29,968,779,17
Layer_142_copy,503,108,694,609,17
Layer_211,507,243,681,505,17
Layer_210,383,65,745,788,17
Layer_209,503,108,694,609,17
Layer_213,447,577,1069,794,16
Layer_214,963,742,1137,829,16
Layer_184,359,481,462,561,14
Layer_195,323,495,451,604,14
Layer_196,319,555,431,661,14
Layer_197,294,618,452,674,14
Layer_11_copy_2,181,520,317,629,14
Layer_190,171,597,304,638,14
LayerSet,Group 17,14
Layer_148,97,407,166,450,31
Layer_185,126,84,417,495,31
Layer_229_copy_2,-59,121,360,576,31
Layer_189,-7,538,294,600,31
Layer_187,-59,336,320,683,31
Layer_186,24,280,128,451,31
Layer_183_copy,90,232,339,519,31
Layer_182_copy,229,392,330,436,31
Layer_181_copy,19,294,224,458,31
Layer_188,142,2,235,205,31
Layer_8_copy_55,31,-14,237,208,31
Layer_181,233,252,355,453,31
LayerSet,Group 14,14
Layer_224_copy_3,1683,-245,1844,-133,44
Layer_12_copy_10,1657,-177,1815,-24,44
Group_5_copy,1506,-188,1787,179,44
Layer_46_copy_6,310,490,327,527,14
Layer_34_copy_8,240,450,320,529,14
Layer_32_copy,304,393,607,526,14
Layer_191,240,509,611,535,14
LayerSet,Group 3,14
Layer_120,1142,-12,1243,98,52
Layer_122,1181,-401,1386,143,52
Layer_8_copy_6,612,-239,767,131,52
Layer_8_copy_4,670,-264,868,72,52
Layer_8_copy_3,1284,-215,1482,121,52
Layer_13_copy,512,-160,672,259,52
Layer_152,858,-373,1033,134,52
Light2,0,0,0,0,0
LayerSet,Dishes,14
Layer_3_copy_3,1020,418,1047,482,60
Layer_164,1021,432,1047,481,60
Layer_173,1008,416,1060,430,60
Layer_172,1004,408,1064,450,60
Layer_243_copy,940,447,992,468,60
Layer_242_copy,939,442,994,485,60
Layer_171,938,411,990,432,60
Layer_170,937,406,992,449,60
Layer_169,854,413,911,489,60
Layer_168,860,434,910,489,60
Layer_167,850,399,920,412,60
Layer_166,840,388,930,453,60
LayerSet,Table,14
Layer_177_copy_2,992,427,1120,514,73
Layer_177_copy,821,425,949,512,73
Layer_177,1173,424,1301,511,73
Layer_175_copy_2,1172,506,1292,565,73
Layer_175_copy,925,508,1044,570,73
Layer_175,809,509,928,639,73
Layer_179_copy_2,1197,519,1363,534,73
Layer_179_copy,1026,525,1192,540,73
Layer_179,752,528,918,543,73
Layer_174,762,414,1349,541,73
Layer_176_copy_2,844,552,937,641,73
Layer_176_copy,845,553,1269,642,73
Layer_176,1064,550,1184,641,73
Layer_78_copy_6_1,798,431,1295,648,73
Layer_178,781,525,1322,572,73
Layer_180_copy,786,539,826,627,73
Layer_180,1275,539,1315,627,73
Layer_218,755,507,1337,667,73
Layer_221,927,349,1026,536,14
Light1,0,0,0,0,14
Layer_219,1148,92,1306,303,14
Layer_2_copy_10,1413,290,1578,320,14
Monitors,1333,120,1647,299,14
Layer_161,1270,526,1597,645,14
Layer_216_copy,446,655,960,793,14
Layer_163_copy,41,485,2090,798,14
Group_12_copy,280,201,456,341,14
Layer_163,-1,489,1928,802,14
Layer_157,170,84,511,261,14
Group_12,865,197,1041,337,14
Layer_151,-517,-400,1993,801,14
