document_size,1280,800,plan_1_01.psd
LayerSet,Foreground,0
obj_131,834,633,1322,827,1
Layer_141_copy_5,8,597,140,772,1
obj_131_copy,-72,539,412,751,1
Layer_187_copy,-154,-8,256,735,1
Layer_141_copy_4,786,685,881,808,1
Layer_141_copy_3,1099,598,1190,720,1
Layer_43,886,645,945,797,1
Layer_310_copy_4,256,-403,1110,96,1
Layer_17_copy_7,-88,-121,307,656,1
Layer_310_copy_3,-357,-389,497,110,1
Layer_310_copy_2,-230,-91,286,759,1
Layer_426_copy_12,593,579,1262,792,1
Layer_71_copy_3,222,720,869,1106,1
Layer_71_copy_2,764,654,1408,1072,1
Layer_71_copy,-114,565,531,971,1
Group_1_copy_2,909,-325,1694,1025,1
LayerSet,Middle,0
Layer_28_copy_3,1046,513,1267,689,1
dfgdg_32,-12,434,100,571,1
Layer_96_copy_3,968,482,1173,627,1
Layer_96_copy_4,899,437,1104,582,1
Layer_96_copy_2,121,449,323,597,1
Layer_19_copy_6,879,446,1333,620,1
Group_21_copy_13,293,659,617,786,1
Group_21_copy_12,68,470,392,597,1
Group_21_copy_11,795,487,1110,611,1
Group_1_copy_4,-198,-329,298,533,1
Group_1_copy_3,-139,-313,357,549,1
Group_1_copy,896,-283,1392,579,1
fhfd_70-ok_copy_2,405,586,1379,837,1
fhfd_70-ok_copy,-83,523,892,775,1
fhfd_70-ok,288,528,1262,779,1
Group_3_copy_2,-83,487,694,768,1
Group_3_copy,232,486,1019,733,1
LayerSet,Background,0
Layer_10,23,-15,1303,813,19
Layer_337_copy_2,899,187,1481,721,19
Layer_9,-35,395,305,586,19
Layer_4_copy_4's_Color_Fill,-161,-9,246,493,19
Layer_8,131,407,360,523,19
Layer_38_copy,-243,-174,371,440,19
dfgdg_32_copy,315,338,380,420,19
Layer_111_copy,185,-444,305,497,19
Layer_28_copy_2,229,314,380,434,19
Layer_48_copy_5,281,406,441,503,19
Layer_23_copy_8,-76,-120,293,482,19
ghg_16_copy,918,345,1120,478,19
ghg_16,317,309,527,400,19
Layer_7,-152,259,1097,767,19
Layer_5,-43,236,1366,858,19
Group_46,-91,333,1045,768,19
Layer_2,-220,-123,681,243,19
Layer_38,727,-19,1363,615,19
Layer_24_copy,926,231,1071,464,19
Layer_3_copy_3,859,177,1005,413,19
Layer_3_copy_10,920,116,1067,369,19
Layer_37,745,-138,1076,330,19
Layer_353_copy_3,1063,-154,1328,298,19
Layer_353_copy_2,955,-102,1219,350,19
Layer_4,845,230,1368,459,19
Group_46_1,860,163,1349,640,19
Layer_3_copy_13,710,53,1200,454,19
Layer_3,0,-1,1280,800,19
