document_size,1266,800,plan_7_01.psd
LayerSet,mid,0
Layer_232_copy,38,50,217,290,1
Layer_239_copy_2,127,635,176,707,1
Layer_101_copy,73,275,181,708,1
Layer_237_copy_23,0,670,456,800,1
Layer_237_copy_22,0,567,237,800,1
Layer_9_copy_3,215,73,264,134,1
Layer_9_copy_2,262,75,275,135,1
Layer_8_copy_3,250,65,295,135,1
Layer_8_copy,229,74,266,135,1
Layer_8_copy_2,207,107,257,126,1
Layer_245,204,72,316,179,1
Layer_244,204,72,317,179,1
Layer_209,236,241,513,650,1
Layer_142_copy,232,190,533,721,1
Layer_242,217,125,520,237,1
Layer_208,-15,-95,540,883,1
Layer_100_copy,109,567,247,726,1
Layer_239,44,649,136,727,1
Layer_239_copy,122,657,202,736,1
Layer_259,662,100,931,356,1
Layer_294,907,116,1083,329,1
Layer_328,698,470,919,657,1
Layer_314,689,345,904,540,1
Layer_274,932,265,1118,461,1
Layer_254,831,474,1095,711,1
Layer_243,640,80,1122,734,1
Layer_241,640,80,1122,743,1
LayerSet,back,0
Layer_224_copy_3,952,0,1108,129,29
Layer_13_copy,520,-26,660,290,29
Layer_3_copy_2,0,0,1266,22,29
Layer_217,-25,-9,127,200,29
Layer_12_copy_10,950,104,1089,237,29
Group_5_copy,826,80,1109,442,29
Layer_216,808,0,1241,234,29
Layer_214,796,567,1210,805,29
Layer_235,0,220,233,768,29
Layer_78_copy_6,348,600,699,800,29
Layer_225,0,9,1266,800,29
