document_size,1500,1000,plan_1_00.psd
LayerSet,Foreground,0
Layer_101_copy_13,-184,831,216,1130,1
Layer_101_copy_15,1244,813,1651,1084,1
Layer_101_copy_14,1003,898,1410,1169,1
Layer_5_copy_17,1374,506,2023,752,1
Layer_79_copy_8,1317,376,1463,1019,1
LayerSet,Middle,0
Layer_43,376,86,1504,260,7
Layer_42,803,806,1157,962,7
Layer_152_copy_4,475,225,824,452,7
Layer_255_copy_5,-62,346,320,972,7
Layer_28_copy_4,1354,770,1559,929,7
Layer_50_copy_12,-171,296,385,457,7
Layer_41,1370,646,1495,877,7
Layer_12,0,0,0,0,7
Layer_4_copy_2,1034,928,1580,1154,7
Layer_4_copy_3,650,911,1197,1137,7
Layer_13_copy,-350,664,484,1000,7
object_06-OK_copy_2,-686,853,781,1043,7
Layer_4_copy_4,624,833,1170,1059,7
Layer_10_copy_4,1118,-443,1933,452,7
dfgdg_32_copy_4,1428,681,1570,842,7
dfgdg_32_copy_3,1327,727,1449,856,7
Group_1_copy_5,1158,-477,1968,929,7
Layer_4_copy,1089,815,1635,1041,7
dfgdg_02_copy,1174,648,1580,806,7
Layer_4,871,740,1418,965,7
gdf_127,1162,193,1595,950,7
Group_9_copy,1061,-28,1669,521,7
object_06-OK_copy_3,-522,773,945,963,7
Layer_295_copy,926,556,1207,760,7
Layer_28_copy_3,969,561,1122,680,7
Layer_41_copy_2,1046,510,1132,664,7
Layer_41_copy,1012,500,1096,654,7
Group_1_copy_6,1154,-459,1795,654,7
Group_2,905,-316,1595,692,7
Layer_4_copy_5,781,616,1327,887,7
Layer_10_copy,510,-415,1178,465,7
dfgdg_02,473,262,729,362,7
Layer_268_copy_8,318,276,571,362,7
Layer_4_copy_4_1,445,-154,855,362,7
dfgdg_32_copy,680,226,755,313,7
Layer_10,232,-605,1060,369,7
Layer_4_copy_6,885,585,1431,810,7
object_06-OK_copy_4,-588,681,872,958,7
Layer_3_copy_8,-173,298,427,543,7
Layer_3_copy_7,51,290,651,535,7
Layer_3_copy_6,388,298,988,543,7
Layer_11_copy_2,-77,430,510,755,7
Layer_11,263,354,850,679,7
Layer_11_copy,232,548,819,873,7
Layer_288_copy,389,121,404,143,7
LayerSet,Background,0
Layer_8,0,0,1500,1000,53
Layer_79_copy_7,364,73,428,369,53
Group_1_copy_2,-170,-395,352,509,53
Group_2_copy_2,39,-617,729,391,53
Layer_13_copy_2,781,391,1390,1000,53
Layer_13,480,274,1089,883,53
Group_2_copy_3,872,-342,1431,465,53
Group_2_copy,578,-404,1137,403,53
dfgdg_32_copy_2,943,290,1036,388,53
object_06-OK_copy_6,541,338,1263,505,53
object_06-OK_copy_7,565,296,1287,463,53
Group_1_copy_4,91,-382,543,399,53
Layer_23_copy_4,682,404,1377,807,53
Layer_9,-500,-275,1428,497,53
