document_size,1600,800,plan 7.PSD
LayerSet,Middle,0
Layer_19,794,295,823,369,1
Layer_18,785,195,1077,429,1
Layer_362_copy_4,377,782,1163,1406,1
Layer_47_copy_3,1127,618,1195,782,1
Layer_16_copy_7,1112,759,1206,796,1
Layer_47_copy_2,453,418,521,582,1
Layer_16_copy_6,438,559,531,596,1
Layer_17,771,794,839,958,1
Layer_16_copy_4,756,935,849,971,1
Layer_362_copy_6,555,568,1527,930,1
Layer_3_copy_2,11,405,1691,774,1
Group_2,16,578,610,761,1
Layer_16,981,821,1127,894,1
Layer_15,982,842,1129,926,1
Layer_24_copy_5,572,401,696,502,1
Layer_24_copy_4,143,488,267,589,1
Layer_14,80,483,1582,1013,1
Layer_15_copy_9,236,797,1182,1069,1
Layer_4_copy_5,936,267,1016,364,1
Layer_13,871,247,1018,374,1
Layer_12,792,166,1541,698,1
Layer_11,900,490,945,591,1
Layer_10,1027,126,1137,264,1
Layer_24_copy_6,1444,507,1568,608,1
Layer_28_copy_4,1338,479,1476,591,1
Layer_9,1355,376,1503,551,1
Layer_28_copy_2,728,393,864,501,1
Layer_28_copy_3,40,468,176,575,1
Layer_353_copy_2,21,-361,561,575,1
Layer_358_copy,700,307,857,454,1
Layer_8,73,368,230,515,1
Layer_28_copy,349,407,485,515,1
Layer_7,118,-411,1628,607,1
Layer_6,34,419,1693,1139,1
Layer_70_copy_2,36,684,119,907,1
Layer_5,221,880,304,1102,1
Group_1_copy_5,277,925,639,1142,1
Group_1_copy_4,67,725,308,943,1
Layer_4,180,511,1457,1076,1
Layer_3,143,451,1551,1253,1
Group_1_copy,1118,883,1534,1118,1
Group_1,802,1018,1218,1252,1
Layer_124_copy,1509,808,1592,1031,1
Group_46,73,479,1665,1235,1
Layer_357_copy,304,276,452,451,1
LayerSet,Background,0
Layer_3_copy_7,-136,86,718,785,47
Layer_3_copy_6,878,-574,2089,419,47
Layer_362_copy,1264,678,2044,1318,47
Layer_363_copy_3,1266,253,1630,608,47
Layer_363_copy_2,-141,16,213,363,47
Layer_2,-283,831,66,1205,47
Layer_361_copy_2,-1266,447,251,1173,47
Layer_3_copy_8,-795,-612,417,334,47
